0.085437854000
0.071847238000
0.062564735000
0.059423668000
0.058345143000
0.061494335000
0.059604563000
0.057282440000
0.059938127000
0.058565382000
0.058411857000
0.058319484000
0.065931599000
0.076694187000
0.080197043000
0.063905408000
0.062791388000
0.059677264000
0.059711048000
0.061394265000
0.058344287000
0.065030119000
0.061763325000
0.060875103000
0.062708852000
0.063410620000
0.060943097000
0.057353003000
0.057547155000
0.058726604000
0.058543999000
0.058223264000
0.060206263000
0.061648716000
0.062298739000
0.064204333000
0.059647756000
0.063584245000
0.060185308000
0.060733551000
0.059303501000
0.060401697000
0.059859441000
0.062377854000
0.062437296000
0.069498602000
0.062919254000
0.073393608000
0.066738569000
0.060578316000
0.060261858000
0.062973993000
0.057597190000
0.060385875000
0.061729113000
0.061961325000
0.057444092000
0.058396032000
0.061236036000
0.062597236000
0.062124686000
0.065144301000
0.062569011000
0.060585585000
0.060772039000
0.063543618000
0.064791920000
0.057062631000
0.060146392000
0.058712065000
0.062181564000
0.070072504000
0.069599954000
0.075139263000
0.068976872000
0.063742047000
0.063986661000
0.059750391000
0.059255603000
0.066350693000
0.061982707000
0.059087967000
0.058932303000
0.059846612000
0.067111476000
0.060822074000
0.060624074000
0.060381170000
0.061932246000
0.058264746000
0.056817589000
0.058310076000
0.058425542000
0.058720617000
0.058676569000
0.058212573000
0.059008423000
0.058378927000
0.058836510000
0.062919682000
0.060852010000
0.063894717000
0.062731089000
0.062641711000
0.062910701000
0.059251755000
0.058730026000
0.059354817000
0.058989607000
0.059099940000
0.059154679000
0.059594300000
0.059850032000
0.062058829000
0.070917106000
0.063957580000
0.058183065000
0.058783481000
0.060049744000
0.059010134000
0.057252934000
0.059420675000
0.060567623000
0.060771184000
0.058359684000
0.061301893000
0.063282754000
0.062610494000
0.061932672000
0.058502517000
0.061273241000
0.066011569000
0.061443445000
0.063058240000
0.059692658000
0.059491237000
0.058344717000
0.057459487000
0.057426985000
0.060270409000
0.061487493000
0.057407741000
0.062016492000
0.062652830000
0.062619474000
0.057485146000
0.058258758000
0.060441895000
0.061998958000
0.061139388000
0.061627760000
