0.087446939000
0.027791058000
0.028571514000
0.025874345000
0.026663782000
0.025790954000
0.026354166000
0.035454490000
0.025297022000
0.025035730000
0.027442527000
0.026649241000
0.025341070000
0.025319259000
0.026035567000
0.028160974000
0.027924057000
0.028234101000
0.028216995000
0.028398745000
0.027959551000
0.028007020000
0.029927583000
0.026960141000
0.028127617000
0.028487696000
0.028818694000
0.028416278000
0.027393347000
0.030769192000
0.027949288000
0.027946294000
0.037406698000
0.027892412000
0.027931327000
0.028181500000
0.028099391000
0.027911228000
0.027274461000
0.025684897000
0.025462094000
0.026479038000
0.027083730000
0.026968266000
0.026727073000
0.026306697000
0.029621814000
0.025701577000
0.027291995000
0.026984944000
0.028110938000
0.028199461000
0.027968532000
0.027856488000
0.026762568000
0.027106396000
0.025927375000
0.027105112000
0.027284724000
0.027991198000
0.032568302000
0.027873594000
0.026389232000
0.027906523000
0.027086723000
0.026645821000
0.026789081000
0.027181234000
0.027098271000
0.027568683000
0.028534308000
0.027223144000
0.027661482000
0.028987614000
0.028995312000
0.028488551000
0.027998040000
0.028382067000
0.026387522000
0.026299426000
0.027214162000
0.028976068000
0.028367526000
0.025798225000
0.026904547000
0.027818856000
0.028433812000
0.027701253000
0.028458615000
0.027786354000
0.025376992000
0.027642665000
0.027820566000
0.026928922000
0.029520462000
0.027302258000
0.028345716000
0.028199461000
0.028073306000
0.028367099000
0.028291405000
0.027939880000
0.025667792000
0.025718682000
0.025695161000
0.026264787000
0.025263666000
0.026902837000
0.026914810000
0.025705853000
0.027043960000
0.026988793000
0.027384366000
0.027829119000
0.026637268000
0.027700825000
0.027226992000
0.027472889000
0.028455622000
0.032969861000
0.028424832000
0.028038667000
0.026287453000
0.026806187000
0.028247785000
0.027935176000
0.027999322000
0.035333466000
0.028729316000
0.027235972000
0.025932933000
0.027646942000
0.027035406000
0.026669341000
0.026231858000
0.025788816000
0.025702005000
0.025851253000
0.027309100000
0.027191925000
0.028444931000
0.029550398000
0.029773202000
0.027300976000
0.027817145000
0.026027871000
0.026768555000
0.027048663000
0.026109978000
0.026547033000
0.028481281000
0.027131627000
0.027551577000
0.028096827000
0.028500096000
0.028406015000
0.026985371000
0.026943890000
0.026346896000
0.026620161000
0.026918232000
0.026262649000
0.027117514000
0.027833823000
0.027981789000
0.028606153000
0.028345290000
0.029516186000
0.027345023000
0.028451346000
0.026862637000
0.027404465000
0.026945173000
0.026132644000
0.026949450000
0.026414891000
0.026416174000
0.027074750000
0.027111527000
0.026870336000
0.035546435000
0.028813135000
0.028099820000
0.028417134000
0.027606315000
0.025509135000
0.025470648000
0.026638550000
0.027279166000
0.025764012000
0.027197912000
0.029926727000
0.026891717000
0.028170809000
0.027091000000
0.026517099000
0.026664637000
0.026550028000
0.026748455000
0.027091000000
0.026704836000
0.026264787000
0.027218439000
0.025783685000
0.025866647000
0.026373410000
0.026729640000
0.026855368000
0.027144456000
0.027342029000
0.027538320000
0.027412591000
0.029468717000
0.031622775000
0.029901068000
0.025983396000
0.026343902000
0.026278472000
0.026847241000
0.028019422000
0.025344918000
0.026519665000
0.025972704000
0.027205182000
0.027983927000
0.027858199000
0.027826126000
0.026592365000
0.025995796000
0.026966984000
0.026828425000
0.026214752000
0.029897647000
0.030271839000
0.027398052000
0.026520092000
0.028593751000
0.026077478000
0.026092017000
0.027272322000
0.029665863000
0.027089289000
0.027031558000
0.029332726000
0.029996006000
0.027173109000
0.026528218000
0.025632297000
0.025483903000
0.025462520000
0.027137186000
0.026958003000
0.030860708000
0.026266497000
0.026641544000
0.027011886000
0.028101102000
0.029624381000
0.027031984000
0.030076403000
0.027186793000
0.027664903000
0.026609470000
0.026408476000
0.028403449000
0.026898132000
0.027292850000
0.025729373000
0.025910268000
0.025643844000
0.025470648000
0.025718254000
0.026462787000
0.025657528000
0.025743912000
0.025590816000
0.027778657000
0.026509401000
0.029289960000
0.027848792000
0.027793625000
0.032597381000
0.027848791000
0.027838955000
0.027333904000
0.027461343000
0.028474438000
0.027218867000
0.026910962000
0.029117619000
0.027875305000
0.028007876000
0.028205449000
0.027828691000
0.027389926000
0.026286169000
0.026334066000
0.026703552000
0.026816451000
0.027853068000
0.027283014000
0.028058766000
0.028959390000
0.027826554000
0.025176426000
0.025994942000
0.030377039000
0.027926622000
0.027659771000
0.026852802000
0.027848790000
