0.132387493000
0.070264944000
0.068107466000
0.069361327000
0.065041666000
0.067894498000
0.068661697000
0.066424676000
0.070868354000
0.069473371000
0.064517370000
0.073612137000
0.070282049000
0.068280236000
0.070534789000
0.070372284000
0.064282164000
0.064540035000
0.065471878000
0.066583760000
0.066127889000
0.066032952000
0.064658494000
0.065404738000
0.068151513000
0.068060424000
0.069474653000
0.072141031000
0.071346036000
0.070993653000
0.068154935000
0.064764978000
0.067841469000
0.065392764000
0.069032039000
0.066221115000
0.066664585000
0.065125912000
0.068920850000
0.068881935000
0.067262863000
0.067346255000
0.064599478000
0.065890973000
0.065047225000
0.067719163000
0.066992163000
0.066405004000
0.066170653000
0.064899687000
0.064821856000
0.065955548000
0.068582582000
0.065886696000
0.066804853000
0.067012263000
0.066052623000
0.067245757000
0.065619417000
0.065541157000
0.065651918000
0.064595203000
0.065993179000
0.067531853000
0.066352402000
0.069338233000
0.067116609000
0.066356252000
0.065569382000
0.068302901000
0.070646833000
0.067708899000
0.064675172000
0.065110090000
0.065067326000
0.066511060000
0.065983772000
0.074728722000
0.070832860000
0.067396717000
0.064755571000
0.065096405000
0.068883218000
0.068215662000
0.065184073000
0.066020978000
0.065996602000
0.066635078000
0.070359455000
0.069809927000
0.069559755000
0.066777484000
0.064489146000
0.066756529000
0.073738292000
0.067624226000
0.068793411000
0.067303062000
0.067840186000
0.068059142000
0.066077426000
0.066659881000
0.073631380000
0.070283332000
0.066207858000
0.067116181000
0.071603050000
0.065586915000
0.067894925000
0.065945712000
0.066701791000
0.069376294000
0.068525705000
0.067305629000
0.065686984000
0.066749260000
0.066906206000
0.066321185000
0.068411095000
0.067060159000
0.065888407000
0.066818538000
0.067969336000
0.068318297000
0.070524525000
0.068349514000
0.066047491000
0.069720977000
0.067202993000
0.066345988000
0.064802183000
0.068720711000
0.071137772000
0.068291782000
0.064076466000
0.067802981000
0.066125323000
0.067054172000
0.064513949000
0.070232871000
0.074114621000
0.067164078000
0.066716758000
0.074957086000
0.071009050000
0.073417129000
0.076186570000
0.071939609000
0.068431623000
0.065830675000
0.067434349000
0.070789239000
0.067791007000
0.066671429000
0.068531264000
0.067579322000
