0.091953054000
0.028089984000
0.026643681000
0.026677039000
0.026130079000
0.026354593000
0.026870334000
0.034936610000
0.027841093000
0.028321769000
0.031405529000
0.032207368000
0.027875305000
0.026343902000
0.026683026000
0.025996653000
0.027175247000
0.026676611000
0.026893856000
0.026522231000
0.028117353000
0.029686390000
0.028331604000
0.026411470000
0.026109551000
0.027765400000
0.026801485000
0.028288412000
0.027814151000
0.029041925000
0.026154882000
0.027310384000
0.034138621000
0.027992052000
0.030077258000
0.028456477000
0.028178507000
0.027871028000
0.026103564000
0.025890168000
0.026877605000
0.025853817000
0.026273767000
0.027580229000
0.025909840000
0.027923629000
0.028366671000
0.029486251000
0.031379016000
0.026868197000
0.027414729000
0.025989811000
0.026431569000
0.025944479000
0.027176530000
0.026639405000
0.027317226000
0.026181824000
0.027359990000
0.027382656000
0.028849057000
0.028047646000
0.027748294000
0.028432529000
0.029150121000
0.029350259000
0.031134402000
0.026962706000
0.027931755000
0.028456050000
0.028855045000
0.028470590000
0.027706812000
0.029910476000
0.028034817000
0.028370520000
0.028011296000
0.026189094000
0.028247357000
0.025620322000
0.026490584000
0.027501541000
0.027114949000
0.026859644000
0.026789510000
0.025730228000
0.026532494000
0.026982379000
0.026438412000
0.027251368000
0.027736746000
0.027800039000
0.028222982000
0.027773526000
0.027862903000
0.028036101000
0.027407460000
0.025954316000
0.026107841000
0.027010176000
0.025899577000
0.027265053000
0.026714672000
0.027074323000
0.027932609000
0.027836817000
0.027099126000
0.037697499000
0.027694838000
0.027874878000
0.027789348000
0.026674900000
0.027069191000
0.027312094000
0.025887175000
0.025950894000
0.026573976000
0.025360741000
0.027286863000
0.026935765000
0.025944907000
0.025882471000
0.026849380000
0.025567294000
0.028184494000
0.026485026000
0.026712533000
0.026535915000
0.027701681000
0.026511966000
0.027231696000
0.026911818000
0.032293753000
0.028112650000
0.026440122000
0.027544734000
0.027008466000
0.026549173000
0.026872901000
0.026694999000
0.025966290000
0.026969120000
0.026960142000
0.026841682000
0.028601877000
0.026809609000
0.028141729000
0.028186204000
0.025427882000
0.027063204000
0.026665492000
0.027642237000
0.025670358000
0.025915400000
0.028273016000
0.027294988000
0.027287719000
0.030182888000
0.027446802000
0.027242815000
0.026334493000
0.027590492000
0.026339197000
0.027332193000
0.026976818000
0.026884019000
0.029011990000
0.028479998000
0.027559702000
0.028018566000
0.028029686000
0.029345983000
0.027325780000
0.029044492000
0.027077744000
0.027100409000
0.028398317000
0.030314603000
0.028691682000
0.028776784000
0.030438192000
0.036369655000
0.030478391000
0.032018347000
0.026923791000
0.026164290000
0.025722958000
0.026806187000
0.026534633000
0.027439105000
0.026410614000
0.038116593000
0.032279640000
0.029024392000
0.035902236000
0.025776415000
0.028154987000
0.025785395000
0.027323640000
0.025427454000
0.026922080000
0.025870069000
0.026496998000
0.026807471000
0.028568093000
0.027983927000
0.028244364000
0.027025572000
0.026961423000
0.027322786000
0.026064648000
0.026442687000
0.026949021000
0.027814152000
0.028745567000
0.028184921000
0.027882146000
0.031076242000
0.027795763000
0.025900005000
0.026199357000
0.027274034000
0.025374854000
0.026891290000
0.027275744000
0.027408743000
0.026963989000
0.026521802000
0.026214325000
0.029327166000
0.028139164000
0.028469734000
0.028161401000
0.027694411000
0.026748883000
0.025892307000
0.026674900000
0.027337753000
0.027814151000
0.028407725000
0.027734181000
0.028036100000
0.028217422000
0.028091267000
0.027259493000
0.027838527000
0.028601449000
0.027934320000
0.027797046000
0.027795334000
0.027513088000
0.026728784000
0.025816613000
0.028799450000
0.025811909000
0.028395751000
0.026586805000
0.027804316000
0.025871779000
0.026633419000
0.026865630000
0.026051392000
0.026141625000
0.026272484000
0.025903853000
0.025515121000
0.025699011000
0.027081592000
0.026984945000
0.027987776000
0.027663192000
0.027460916000
