0.139103259000
0.068991839000
0.066236082000
0.067894497000
0.070215766000
0.065656195000
0.064286868000
0.068222503000
0.066877981000
0.070054115000
0.072180802000
0.078560438000
0.073744278000
0.067609685000
0.066874987000
0.068022792000
0.066816400000
0.066853605000
0.082194154000
0.068888348000
0.069202242000
0.069857397000
0.070980397000
0.068695909000
0.071087737000
0.067671265000
0.068747226000
0.068545377000
0.068323854000
0.066421683000
0.065325196000
0.069024340000
0.070094314000
0.072203468000
0.068575311000
0.069023058000
0.079798048000
0.072644800000
0.071371267000
0.069623902000
0.068581299000
0.068038186000
0.067014401000
0.068244741000
0.067673832000
0.070388961000
0.065154137000
0.066843769000
0.068541527000
0.070827728000
0.064755143000
0.068024504000
0.069592256000
0.065983772000
0.067390303000
0.072615291000
0.065346150000
0.068775023000
0.072213304000
0.067720018000
0.069410933000
0.071807468000
0.071496568000
0.071378964000
0.068442314000
0.068384154000
0.070290175000
0.071527358000
0.071269915000
0.071372122000
0.068963188000
0.065464180000
0.069619198000
0.069179148000
0.065482998000
0.065883275000
0.065801594000
0.066100948000
0.068014666000
0.069381426000
0.068389285000
0.066070156000
0.070078490000
0.067871833000
0.070706703000
0.066823243000
0.066902357000
0.068598832000
0.069737656000
0.076259698000
0.066236083000
0.068522283000
0.067688800000
0.071648382000
0.072002045000
0.070145631000
0.071398209000
0.068373462000
0.071475613000
0.068800681000
0.069503733000
0.070761442000
0.071012470000
0.071120666000
0.068364909000
0.066508067000
0.067320167000
0.068631333000
0.071284454000
0.077469510000
0.072652069000
0.066622247000
0.069437448000
0.071135207000
0.069263396000
0.078151608000
0.067875253000
0.070242280000
0.071837401000
0.067871832000
0.065255061000
0.065489411000
0.071557721000
0.072715788000
0.071489298000
0.068075392000
0.066964366000
0.068358495000
0.072021719000
0.070909407000
0.067162794000
0.068200265000
0.067507904000
0.071565418000
0.073901653000
0.068368330000
0.068828906000
0.068701040000
0.066276709000
0.067691793000
0.068242603000
0.071252809000
0.069674365000
0.073127185000
0.070439851000
0.068777160000
0.071076190000
0.071691574000
0.070676769000
0.071686014000
0.072490846000
0.071287020000
0.069732524000
0.069189412000
0.071935333000
0.072808588000
0.071473045000
0.070660946000
0.070284188000
0.069194973000
0.070168723000
0.067400993000
0.066423821000
0.067954369000
0.069382708000
0.067639620000
0.068521856000
0.067807258000
0.068031346000
0.070288037000
0.070655385000
0.074044060000
0.069644429000
0.068914863000
0.068269545000
0.066938279000
0.074642339000
0.068812655000
0.067313754000
0.067532708000
0.068296058000
0.064930478000
0.068329843000
0.070828583000
0.070340638000
0.071646671000
0.068236615000
0.068773312000
0.066579911000
0.066365661000
0.064934326000
0.065152426000
0.066022688000
0.064332627000
0.066602577000
0.069905721000
0.069892892000
0.066370364000
0.065848636000
0.067850449000
0.067806403000
0.064390359000
0.071168563000
0.066649190000
0.068410240000
0.069128687000
0.066612412000
0.069897596000
0.068506033000
0.067114043000
0.070725092000
