0.089510764000
0.068415799000
0.062320121000
0.057261486000
0.056191087000
0.060878096000
0.058696242000
0.057537319000
0.059962504000
0.063646682000
0.060830628000
0.059149546000
0.059561371000
0.066246347000
0.058784765000
0.058162966000
0.058668444000
0.058462319000
0.056949732000
0.060560783000
0.055929366000
0.059986879000
0.059569069000
0.059002437000
0.058620976000
0.058300240000
0.077665800000
0.059207707000
0.059558377000
0.062955604000
0.056346323000
0.057350864000
0.057463336000
0.061215509000
0.056721368000
0.058251488000
0.058683411000
0.062167451000
0.059132442000
0.062058828000
0.061927968000
0.057487284000
0.063659939000
0.061888626000
0.058267312000
0.059108065000
0.058233954000
0.059586602000
0.056613173000
0.061398969000
0.064881726000
0.061067544000
0.061029055000
0.060621508000
0.061623912000
0.059135863000
0.057196485000
0.056883446000
0.059085400000
0.058529887000
0.058802298000
0.058819832000
0.059052471000
0.056353164000
0.063569705000
0.058493965000
0.059267150000
0.058028684000
0.060050599000
0.059814111000
0.057154575000
0.057614722000
0.061995109000
0.057154147000
0.059219680000
0.059006713000
0.056493005000
0.057742161000
0.060328570000
0.062424038000
0.058304945000
0.057944866000
0.058303661000
0.061313867000
0.059256886000
0.058294254000
0.061744081000
0.061192843000
0.061676940000
0.056348032000
0.059211128000
0.056009336000
0.062248276000
0.057347016000
0.057636960000
0.059100795000
0.056745744000
0.061824051000
0.065810147000
0.057809302000
0.057837527000
0.058021843000
0.058237804000
0.058658181000
0.060435481000
0.057846081000
0.059790589000
0.062043006000
0.074216401000
0.061902310000
0.058190335000
0.056830846000
0.058751835000
0.058887827000
0.060023229000
0.061700889000
0.061908298000
0.058427680000
0.059161950000
0.059878256000
0.060175044000
0.059892369000
