0.049922211000
0.054268813000
0.030472832000
0.035344585000
0.027073895000
0.025766151000
0.025513412000
0.028649774000
0.026909250000
0.025793092000
0.027159424000
0.025556603000
0.025968855000
0.026448247000
0.027095277000
0.026919943000
0.027711089000
0.027462626000
0.026959713000
0.026491440000
0.025506997000
0.026260511000
0.026858361000
0.032327964000
0.027469896000
0.031576589000
0.033745614000
0.026829281000
0.026614602000
0.025098595000
0.025542919000
0.025001091000
0.028765665000
0.025713123000
0.025807206000
0.026876321000
0.027479732000
0.025173860000
0.024994676000
0.025805494000
0.027478448000
0.027364695000
0.027530621000
0.027993336000
0.029836921000
0.027513088000
0.027265052000
0.027051657000
0.027244526000
0.027559274000
0.027682008000
0.025707991000
0.025351762000
0.027345878000
0.026038134000
0.028210580000
0.034334056000
0.027433973000
0.027688423000
0.034126219000
0.024937371000
0.026607332000
0.025065665000
0.025479628000
0.030175618000
0.026069353000
0.025294883000
0.027410025000
0.027557137000
0.027478876000
0.027933465000
0.027489996000
0.028154559000
0.027537891000
0.039502168000
0.027999323000
0.033869203000
0.029084262000
0.027404894000
0.025427027000
0.027393774000
0.027319792000
0.027565689000
0.027198767000
0.027595624000
0.026184817000
0.026360152000
0.027057645000
0.026889151000
0.026574831000
0.025894018000
0.025003228000
0.026035996000
0.026488019000
0.025303437000
0.025220901000
0.026951589000
0.025578413000
0.025413341000
0.026565850000
0.026140770000
0.025193531000
0.024797958000
0.026342191000
0.025895727000
0.025740064000
0.028477860000
0.026151461000
0.025110140000
0.028453056000
0.027055505000
0.026385810000
0.026416174000
0.025715689000
0.025289324000
0.024843288000
0.025569005000
0.025272647000
0.025717399000
0.026575258000
0.025997508000
0.025718682000
0.026487591000
0.025129385000
0.026809609000
0.025776414000
0.024933522000
0.026284031000
0.026096723000
0.026380680000
0.024762891000
0.026191231000
0.026145472000
0.025621605000
0.027153010000
0.025754604000
0.027003334000
0.027061065000
0.027048237000
0.027549010000
0.028444075000
0.029204432000
0.031332403000
0.025989382000
0.025840989000
0.025642989000
0.027312523000
0.024816347000
0.025627594000
0.025841844000
0.024751772000
0.024664532000
0.024718844000
0.025005366000
0.024648281000
0.024721837000
0.024745357000
0.026047970000
0.025656246000
0.024903161000
0.026167711000
0.027302259000
0.027426276000
0.027256500000
0.026029154000
0.027625986000
0.026251102000
0.025363734000
0.026274623000
0.027546872000
0.027126068000
0.027430124000
0.027330055000
0.027312094000
0.027324495000
0.027248802000
0.027167122000
0.027320219000
0.027394630000
0.027593913000
0.027162417000
0.028410292000
0.032846273000
0.025889313000
0.024830887000
0.025421040000
0.026811320000
0.025908130000
0.027276172000
0.026723225000
0.027257783000
0.027530194000
0.027354859000
0.027466903000
0.027531904000
0.027381799000
0.027337753000
0.027885568000
0.027454500000
0.026122381000
0.026423444000
0.025676773000
0.025792665000
0.026374263000
0.025516405000
0.026056950000
0.025193104000
0.025312845000
0.030108904000
0.027427130000
0.027508812000
0.027504109000
0.027405322000
0.027484435000
0.026217318000
0.026135638000
0.025430448000
0.027014024000
0.025190539000
0.027221861000
0.025603646000
0.025859378000
0.026548317000
0.025539070000
0.026633846000
0.027883003000
0.027617006000
0.027613158000
0.027717504000
0.027533189000
0.027435684000
0.027456639000
0.027309101000
0.028709216000
0.027611875000
0.027138042000
0.027191071000
0.027286008000
0.027575524000
0.034624000000
0.027630264000
0.027532332000
0.027454072000
0.027542168000
0.027407887000
0.027676878000
0.024982701000
0.026566705000
0.025986389000
0.026698421000
0.026674045000
0.025122542000
0.026109551000
0.026523513000
0.026074056000
0.024859968000
0.025553183000
0.025660950000
0.027994618000
0.026991359000
0.027571248000
0.025582691000
0.025423178000
0.025563874000
0.026872901000
0.027191070000
0.026572264000
0.027449369000
0.025104581000
0.024948063000
0.025041717000
0.024936089000
0.026750594000
0.025758881000
0.024870230000
0.026763851000
0.025536932000
0.026038135000
0.024954906000
0.026661643000
0.026539336000
0.027088863000
0.025940631000
0.025665653000
0.027805171000
0.026329362000
0.025810626000
0.025184551000
0.025835002000
0.025335937000
0.025846976000
0.025474495000
0.025951322000
0.025643415000
0.025551045000
0.025360313000
0.024830887000
0.025236297000
0.025283337000
0.025676773000
0.025875628000
0.024962602000
0.026664209000
0.025929511000
0.026340052000
0.025709701000
0.025141786000
0.025280344000
0.027343312000
0.031292204000
0.027580229000
0.025077639000
0.025029315000
0.025037869000
0.026075767000
0.025007934000
0.026859216000
0.025044283000
0.025881188000
0.026172844000
0.028115215000
0.027527628000
0.025805067000
0.025494595000
0.026242978000
0.025072507000
0.025058823000
0.026204062000
0.025402650000
0.026574830000
0.027398906000
0.027409598000
0.026449530000
0.025480482000
0.026287452000
0.027029847000
0.028451346000
0.026851519000
0.025158891000
0.026355876000
0.025852535000
0.025401369000
0.026886585000
0.025504430000
0.025648121000
0.026472623000
0.027522497000
0.026614602000
0.029935707000
0.025378702000
0.025699010000
0.026924646000
0.026162580000
0.025403506000
0.025677201000
0.025529662000
0.027057217000
0.025562163000
0.024786840000
0.025622462000
0.026579534000
0.025154615000
0.026600489000
0.025063526000
0.025021618000
0.025762302000
0.025040006000
0.025563018000
0.026075767000
0.025402651000
0.025831154000
0.025194814000
0.026065931000
0.026395646000
0.026247254000
0.026343475000
0.026526079000
0.026289163000
0.027709805000
0.025809771000
0.026886158000
0.026513249000
0.025877338000
0.026845104000
0.027280448000
0.025337649000
0.026832273000
0.027592203000
0.025955171000
0.024890331000
0.024969017000
0.025139220000
0.025891451000
0.026265642000
0.025843127000
0.025616901000
0.033060095000
0.026043266000
0.027723917000
0.026569700000
0.025195243000
0.025079350000
0.026172842000
0.026289591000
0.025124253000
0.025190110000
0.025080633000
0.024822762000
0.025135372000
0.025846975000
0.026036424000
0.026308407000
0.026120670000
0.030704189000
0.027427986000
0.027302258000
0.027947578000
0.027593485000
0.026343901000
0.028420127000
0.026367422000
0.027224855000
0.026730921000
0.027518647000
0.026496999000
0.027405749000
0.028244792000
0.025805067000
0.027320220000
0.027252224000
0.027436967000
0.026875039000
0.027448513000
0.025270509000
0.027417723000
0.025206788000
0.030046040000
0.026729640000
0.028128044000
0.025343636000
0.025154188000
0.025731511000
0.025916682000
0.024849704000
0.026501703000
0.027613585000
0.026541901000
0.026180967000
