0.074675266000
0.044127168000
0.038450584000
0.026585522000
0.026628714000
0.024999808000
0.024044017000
0.026599635000
0.025814474000
0.025393242000
0.024108592000
0.026086886000
0.026993070000
0.026748456000
0.025165733000
0.024269386000
0.025503149000
0.024277939000
0.024115434000
0.027661481000
0.025394953000
0.025459100000
0.024463538000
0.025803784000
0.027153436000
0.028298676000
0.026598352000
0.026571410000
0.024537948000
0.026174981000
0.024352349000
0.024697889000
0.024054280000
0.024798386000
0.025379129000
0.025567295000
0.025125109000
0.025127674000
0.025607066000
0.024142376000
0.024326264000
0.025326956000
0.025061817000
0.024486203000
0.025733223000
0.026654800000
0.027475883000
0.026251957000
0.028516347000
0.024785129000
0.025126819000
0.026745036000
0.025522392000
0.024325836000
0.025772993000
0.025675917000
0.025359030000
0.025856812000
0.026736908000
0.026869053000
0.026838690000
0.024531535000
0.024265966000
0.024879211000
0.028911065000
0.029746688000
0.024824044000
0.024366889000
0.024246721000
0.024603806000
0.025516405000
0.024643150000
0.025513839000
0.025476206000
0.024637591000
0.025216625000
0.026295149000
0.027944156000
0.027080738000
0.025866648000
0.028069456000
0.028871722000
0.026556870000
0.024320703000
0.026478610000
0.025358176000
0.026884019000
0.026685592000
0.026120243000
0.025845692000
0.025770855000
0.026423444000
0.026755299000
0.026974253000
0.025877339000
0.024883916000
0.027781223000
0.026839544000
0.026613320000
0.024655552000
0.026487164000
0.026807898000
0.024917699000
0.025623317000
0.025060533000
0.025536505000
0.025190539000
0.026233996000
0.026882738000
0.026675328000
0.026733488000
0.026845959000
0.027335615000
0.026791648000
0.027113665000
0.026804905000
0.026869479000
0.027034124000
0.027046525000
0.026645393000
0.026904547000
0.026709539000
0.027507101000
0.024877073000
0.025787533000
0.025944907000
0.025766578000
0.025311989000
0.026531639000
0.026142480000
0.025030598000
0.025961159000
0.025919676000
0.027170543000
0.026566706000
0.024978853000
0.024483210000
0.026556442000
0.025068231000
0.024888192000
0.024174022000
0.025478772000
0.026755298000
0.026521375000
0.024100466000
0.024538803000
0.025036585000
0.024583280000
0.027634968000
0.026890007000
0.027519930000
0.030337269000
0.027903102000
0.027179950000
0.026103137000
0.026640689000
0.026644109000
0.026643255000
0.025136655000
0.024803089000
0.024567884000
0.027838954000
0.024976715000
0.028431673000
0.029357528000
0.025831581000
0.026635985000
0.029509772000
0.024425476000
0.024229615000
0.024481071000
0.024250142000
0.026044976000
0.027700397000
0.026746745000
0.027061493000
0.026883165000
0.025370151000
0.025418046000
0.024782989000
0.024666671000
0.025441566000
0.025755887000
0.024977998000
0.025552755000
0.025008787000
0.025366728000
0.024437452000
0.024282217000
0.024581142000
0.025409493000
0.024380147000
0.024585846000
0.025543347000
0.024885626000
0.024141093000
0.025277350000
0.024487914000
0.025911123000
0.028281143000
0.026970405000
0.026783523000
0.025790527000
0.024435741000
0.025184551000
0.025969283000
0.025328240000
0.024279651000
0.025728945000
0.027128206000
0.027708951000
0.026262648000
0.025571144000
0.025240573000
0.027323213000
0.024759897000
0.024725258000
0.024328402000
0.024996814000
0.024407089000
0.024429754000
0.024203530000
0.024250998000
0.025218763000
0.024744075000
0.027073467000
0.027111527000
0.026952443000
0.025182412000
0.025376136000
0.024246723000
0.025358604000
0.024875362000
0.024424195000
0.024420346000
0.024728679000
0.024658118000
0.024985694000
0.024859966000
0.025083626000
0.025253830000
0.026074912000
0.027250940000
0.024664532000
0.024210800000
0.024372878000
0.027559274000
0.024524265000
0.027714510000
0.025518971000
0.024566174000
0.025491601000
0.026389233000
0.026890863000
0.026852374000
0.025048131000
0.025102871000
0.024199681000
0.024975431000
0.024021352000
0.024206523000
0.025041716000
0.024647426000
0.024199681000
0.025071225000
0.024440446000
0.024284782000
0.025879050000
0.027428414000
0.030720867000
0.025740492000
0.025737499000
0.025096456000
0.026413608000
0.024382713000
0.024409227000
0.025755459000
0.024778286000
0.027972381000
0.025648975000
0.025299588000
0.025200374000
0.025596803000
0.025203368000
0.026037278000
0.026612036000
0.024695323000
0.025659667000
0.025466370000
0.025737070000
0.024391693000
0.024950201000
0.024973721000
0.024587555000
0.025775559000
0.024962175000
0.025380841000
0.025574565000
0.025096028000
0.025691740000
0.024914278000
0.024886908000
0.026368704000
0.025770427000
0.026253240000
0.026068925000
0.024355344000
0.025953887000
0.025296166000
0.025816186000
0.024744930000
0.025649404000
0.024518277000
0.025125964000
0.025070797000
0.024942930000
0.024298468000
0.025241428000
0.026128795000
0.026108696000
0.026863065000
0.026838262000
0.025442850000
0.025684898000
0.025241001000
0.026864347000
0.026822866000
0.027201761000
0.027057644000
0.027157286000
0.026291729000
0.024925825000
0.025292745000
0.026757008000
0.027350582000
0.025330807000
0.025011354000
0.024804800000
0.025343636000
0.025603645000
0.039272522000
0.025447126000
0.026001357000
0.024856545000
0.024389128000
0.026883593000
0.024395971000
0.024421629000
0.025936354000
0.026559008000
0.026050536000
0.024476795000
0.025316694000
0.025359458000
0.025765296000
0.026845959000
0.028523191000
0.026938758000
0.026773687000
0.026721514000
0.025360313000
0.024804800000
0.026538482000
0.025905991000
0.025256822000
0.026457657000
0.025967145000
0.027274889000
0.026888296000
0.025706281000
0.029633788000
0.024463539000
0.025457389000
0.024234748000
0.024274091000
0.024470380000
0.025012210000
0.025604072000
0.024590122000
0.025283337000
0.024121421000
0.026251958000
0.026722368000
0.044052330000
0.026751876000
0.026554731000
0.025048986000
0.024206095000
0.024662822000
0.025272646000
0.024268959000
0.025875628000
0.025495878000
0.026468347000
0.024723976000
0.025658384000
0.025308141000
0.024687626000
0.026692434000
0.026579534000
0.026580389000
0.026549172000
0.026162579000
0.025111423000
0.024119710000
0.026776681000
0.024647427000
0.027101265000
0.024219780000
0.025014348000
0.024208661000
0.025398374000
0.026696711000
0.024853980000
0.025531373000
0.026101854000
0.024155633000
0.024028194000
0.024094051000
0.024151357000
0.024043589000
0.025013492000
0.025837569000
0.024537521000
0.026269918000
0.026734343000
0.026592364000
0.026966556000
0.025560880000
0.024273234000
0.024646571000
0.025212775000
0.024281361000
0.024409227000
0.025289324000
0.024351496000
0.024381003000
0.025082770000
0.026192087000
0.026765989000
0.026595358000
0.025963724000
0.024499888000
0.024925397000
0.025786250000
0.026451241000
0.025652825000
